100
2 1
2 2
3 1
3 2
10 5
100 1
100 100
100 50
81 10
87 13
92 73
89 60
94 66
94 3
82 57
95 78
87 75
100 7
86 65
87 15
84 80
94 61
100 10
97 26
89 62
100 94
83 48
90 78
83 52
98 97
95 82
97 56
100 88
87 35
97 76
97 44
99 16
90 26
89 17
100 47
99 15
91 16
80 58
93 41
89 71
100 73
94 60
82 61
88 33
99 50
91 46
98 57
80 52
82 22
96 6
81 67
89 30
94 70
88 83
81 64
100 28
94 5
89 44
84 74
98 69
85 72
100 83
94 10
90 28
99 49
88 52
80 4
93 75
82 67
99 98
96 92
94 16
85 9
92 32
86 37
92 50
91 25
91 5
90 75
84 19
85 56
82 78
80 13
90 9
99 91
92 53
96 10
95 15
83 60
91 19
88 54
81 35
93 77
90 14
100 20
